================================================================================
RESUMEN RESULTADOS EXACTOS - SMALL
================================================================================
Tamaño (NxM)    | Muestras   | AVG Makespan    | AVG Time (s)   
--------------------------------------------------------------------------------
6 x 2           | 5          | 267.40          | 0.31           
6 x 3           | 5          | 182.00          | 0.22           
7 x 2           | 5          | 284.20          | 0.53           
7 x 3           | 5          | 221.00          | 0.63           
8 x 2           | 5          | 311.00          | 0.52           
8 x 3           | 5          | 255.20          | 1.00           
9 x 2           | 5          | 343.60          | 0.53           
9 x 3           | 5          | 251.20          | 1.69           
10 x 2           | 5          | 409.00          | 1.92           
10 x 3           | 5          | 303.00          | 6.99           
11 x 2           | 5          | 486.80          | 0.41           
11 x 3           | 5          | 305.80          | 6.75           
12 x 2           | 5          | 483.00          | 9.49           
12 x 3           | 5          | 323.00          | 5.08           
