====================================================================================================
RESUMEN RESULTADOS HEURÍSTICOS - SMALL
====================================================================================================
Tamaño (NxM)    | Muestras   | Avg LB     | Avg MK     | Avg GAP %    | Avg Time  
----------------------------------------------------------------------------------------------------
6 x 2           | 5          | 265.4      | 270.8      | 2.13         | 0.11      
6 x 3           | 5          | 169.8      | 186.8      | 10.19        | 0.21      
7 x 2           | 5          | 283.2      | 293.4      | 3.67         | 0.11      
7 x 3           | 5          | 214.4      | 226.3      | 5.49         | 0.28      
8 x 2           | 5          | 310.2      | 320.1      | 3.16         | 0.18      
8 x 3           | 5          | 250.2      | 264.8      | 6.09         | 0.32      
9 x 2           | 5          | 343.4      | 353.2      | 2.88         | 0.19      
9 x 3           | 5          | 248.4      | 266.2      | 7.06         | 0.48      
10 x 2           | 5          | 409.0      | 416.8      | 2.02         | 0.53      
10 x 3           | 5          | 301.2      | 316.1      | 5.06         | 0.63      
11 x 2           | 5          | 486.8      | 497.2      | 2.16         | 0.53      
11 x 3           | 5          | 304.4      | 315.2      | 3.57         | 0.71      
12 x 2           | 5          | 483.0      | 493.2      | 2.19         | 0.60      
12 x 3           | 5          | 322.6      | 335.1      | 4.02         | 0.91      
====================================================================================================
