====================================================================================================
RESUMEN RESULTADOS HEURÍSTICOS - SMALL
====================================================================================================
Tamaño (NxM)    | Muestras   | Avg LB     | Avg MK     | Avg GAP %    | Avg Time  
----------------------------------------------------------------------------------------------------
6 x 2           | 5          | 265.4      | 270.8      | 2.13         | 0.07      
6 x 3           | 5          | 169.8      | 186.8      | 10.19        | 0.13      
7 x 2           | 5          | 283.2      | 293.4      | 3.67         | 0.14      
7 x 3           | 5          | 214.4      | 226.5      | 5.61         | 0.26      
8 x 2           | 5          | 310.2      | 320.0      | 3.13         | 0.14      
8 x 3           | 5          | 250.2      | 264.9      | 6.14         | 0.20      
9 x 2           | 5          | 343.4      | 353.2      | 2.88         | 0.16      
9 x 3           | 5          | 248.4      | 266.7      | 7.25         | 0.27      
10 x 2           | 5          | 409.0      | 416.9      | 2.03         | 0.22      
10 x 3           | 5          | 301.2      | 315.6      | 4.91         | 0.40      
11 x 2           | 5          | 486.8      | 497.5      | 2.22         | 0.47      
11 x 3           | 5          | 304.4      | 315.3      | 3.59         | 0.46      
12 x 2           | 5          | 483.0      | 493.0      | 2.15         | 0.39      
12 x 3           | 5          | 322.6      | 335.2      | 4.04         | 0.82      
====================================================================================================
